defect cooperate tit_for_tat coin_flip biased_random susp_tit_for_tat grudger waffler 
 25   15   20   10   10   20   10   20  
 25   14   22    9   11   19   11   19  
 25   13   24    8   12   18   12   18  
 24   13   26    7   13   17   13   17  
 23   12   29    6   14   16   14   16  
 21   12   32    5   15   15   15   15  
 19   12   35    4   16   14   16   14  
 17   11   38    4   17   13   17   13  
 14   11   41    4   18   12   18   12  
 11   11   45    3   19   11   19   11  
  9   11   48    2   20   10   20   10  
  7   11   51    0   22    8   21    9  
  5   11   54    0   23    7   22    8  
  3   11   57    0   23    6   23    7  
  2   11   59    0   23    5   24    6  
  0   11   61    0   23    4   25    5  
  0   11   63    0   23    3   26    4  
  0   11   63    0   24    2   26    4  
  0   11   63    0   25    1   26    4  
  0   11   63    0   25    1   26    4  
  0   11   63    0   25    1   26    4  
  0   11   63    0   25    1   26    4  
  0   11   63    0   25    1   26    4  
  0   11   63    0   25    1   26    4  
  0   11   63    0   25    1   26    4  
  0   11   63    0   25    1   26    4  
  0   11   63    0   25    1   26    4  
  0   11   63    0   25    1   26    4  
  0   11   63    0   25    1   26    4  
  0   11   63    0   25    1   26    4  
  0   11   63    0   25    1   26    4  
  0   11   63    0   25    1   26    4  
  0   11   63    0   25    1   26    4  
  0   11   63    0   25    1   26    4  
  0   11   63    0   25    1   26    4  
  0   11   63    0   25    1   26    4  
  0   11   63    0   25    1   26    4  
  0   11   63    0   25    1   26    4  
  0   11   63    0   25    1   26    4  
  0   11   63    0   25    1   26    4  
